FID,names,PA
0,52404680,0
1,48623348,0
2,34182178,0
3,52863656,0
4,43882828,0
5,44263288,0
6,46902810,0
7,36782680,0
8,44322920,0
9,44943870,0
10,34002136,0
11,35282092,0
12,43942996,1
13,47262412,1
14,44143298,0
15,50702998,0
16,51483800,0
17,33902114,0
18,51103486,0
19,50083478,0
20,42863582,0
21,49803394,0
22,33241858,0
23,43543126,0
24,45123304,1
25,53641966,0
26,48462300,0
27,51722996,1
28,51764704,0
29,44483636,0
30,45622768,0
31,51443008,0
32,31542332,1
33,46722576,0
34,38842666,0
35,44342190,0
36,49843504,0
37,47482810,0
38,49163486,0
39,41822414,0
40,34382156,1
41,38742668,0
42,34382102,0
43,29461660,1
44,46942572,1
45,35642110,0
46,34022174,0
47,50322994,0
48,30961768,0
49,51824728,0
50,28382160,0
51,40783218,0
52,29681740,0
53,29282088,0
54,31702250,0
55,36442800,0
56,48681954,0
57,34201972,1
58,37602280,0
59,30721702,0
60,43403554,0
61,27781794,0
62,37582662,0
63,42843682,0
64,45502846,1
65,33002172,0
66,54221900,0
67,39583216,0
68,49902614,0
69,31021866,0
70,30002386,0
71,27981972,0
72,29741732,0
73,32482188,0
74,40383202,1
75,28542144,0
76,48982838,0
77,52584292,0
78,32242312,0
79,52664748,0
80,51863086,0
81,36462652,0
82,42401958,1
83,31122376,0
84,47064096,0
85,42602746,0
86,54121890,0
87,53304626,0
88,33581994,0
89,29602142,0
90,29122112,0
91,41063212,0
92,53861912,1
93,41783356,0
94,30922176,0
95,26581768,0
96,32402254,0
97,41941786,0
98,57002188,0
99,50882638,1
100,33081892,0
101,34082784,0
102,32921902,0
103,48362026,1
104,31161848,0
105,42323042,0
106,49724396,1
107,31882258,0
108,29061990,0
109,31862260,0
110,38943176,0
111,34041890,0
112,34262824,0
113,31322314,1
114,45102976,0
115,38802318,0
116,31962246,0
117,32062178,0
118,51922944,0
119,43363356,0
120,44762764,0
121,49342622,0
122,32202322,0
123,30381762,0
124,46322834,0
125,32082174,0
126,30562338,1
127,34461998,0
128,52683688,0
129,51403810,0
130,46482614,0
131,43682854,0
132,41642978,0
133,28722216,0
134,53644594,0
135,33662020,0
136,43843470,1
137,37602280,0
138,29302338,1
139,32202298,0
140,27501780,0
141,40002866,0
142,43283052,1
143,43022764,0
144,31222178,0
145,47044134,0
146,44942974,0
147,52142764,0
148,43623698,0
149,42583038,1
150,51343172,0
151,50863206,0
152,51503186,0
153,40102842,0
154,34902366,0
155,30862182,0
156,28442408,0
157,41823036,0
158,53064642,0
159,37902328,1
160,50022946,0
161,49704436,0
162,43162914,0
163,43182820,0
164,33042156,0
165,45123664,0
166,42963748,0
167,50622776,0
168,40883024,0
169,42683042,1
170,43023370,0
171,42462906,0
172,28002400,0
173,31721688,1
174,31022194,0
175,43083770,0
176,47942860,0
177,33782062,0
178,40723226,0
179,42223056,0
180,31141756,0
181,50263838,0
182,32402336,1
183,33862010,0
184,46463950,0
185,32321698,0
186,43122714,0
187,32682930,0
188,32361730,0
189,44262618,0
190,46503324,0
191,50683780,0
192,51824508,0
193,51364282,0
194,52383540,1
195,33863294,0
196,47682402,0
197,31542242,0
198,33362096,0
199,43663228,0
200,38562344,0
201,40562500,0
202,47363330,0
203,46342786,0
204,53183886,0
205,49604542,0
206,49764590,0
207,53763890,0
208,36703150,0
209,47884132,0
210,37922340,1
211,36662704,0
212,49983054,0
213,27421740,0
214,37822294,0
215,37042680,0
216,41462518,0
217,52364022,0
218,38462556,0
219,46002792,0
220,35522294,0
221,41102514,0
222,47903032,0
223,49963164,0
224,38302418,0
225,35223718,0
226,35303690,0
227,32021944,0
228,35162590,0
229,44062504,0
230,51083476,0
231,52224014,0
232,51223738,0
233,43962560,0
234,41183292,0
235,47182946,0
236,52423612,0
237,41183328,0
238,50363736,0
239,36322504,0
240,52364076,0
241,48263042,1
242,30142056,0
243,41283342,0
244,48942888,1
245,53084148,0
246,37423086,0
247,50523678,0
248,49984648,0
249,32062352,0
250,48483018,1
251,50703742,0
252,47884100,0
253,50124366,0
254,52584068,0
255,40963282,0
256,32182122,0
257,38802318,0
258,50163796,0
259,46283924,0
260,30501774,0
261,52404058,0
262,51144548,0
263,46082678,0
264,51323464,0
265,53443794,0
266,53043800,0
267,46863958,0
268,30742170,0
269,47642728,1
270,50144226,0
271,51264552,0
272,50344366,0
273,38102416,1
274,38842482,0
275,35702100,1
276,37922448,0
277,42483322,0
278,34102020,0
279,38022398,0
280,42242404,0
281,28782280,0
282,52024360,0
283,35342068,0
284,34003734,0
285,36302512,0
286,31162316,1
287,51344234,0
288,51324422,0
289,51684292,0
290,50204184,0
291,33162080,1
292,52624148,0
293,52863814,0
294,45382568,0
295,49864226,0
296,52823760,0
297,51784294,0
298,48743134,0
299,30302240,0
300,31122070,1
301,46382836,0
302,42143270,0
303,28982458,0
304,51544350,0
305,30301704,0
306,31162082,1
307,38282398,0
308,28742296,0
309,41922438,0
310,34002034,0
311,46761582,0
312,37682420,1
313,39482532,0
314,52844586,0
315,51104260,0
316,41243258,0
317,47284000,0
318,33181812,0
319,44442424,0
320,52763758,0
321,33241828,1
322,46803982,0
323,27162028,1
324,33401850,0
325,56621496,0
326,49744242,0
327,32122142,0
328,41302368,0
329,41463292,0
330,43022698,0
331,34483786,0
332,43182690,0
333,37442866,0
334,39762280,0
335,31063480,0
336,42182510,1
337,30061684,1
338,46202106,0
339,29281840,1
340,51424242,0
341,46121612,0
342,41062870,0
343,45042534,0
344,29901692,0
345,47842050,0
346,42863320,0
347,52324108,0
348,41383284,0
349,39822308,0
350,30962066,0
351,52084354,0
352,33363162,0
353,39942574,1
354,34543662,0
355,31123392,0
356,34602380,0
357,37242276,0
358,51244342,0
359,35002236,1
360,44662142,0
361,32682270,0
362,53504414,0
363,34383700,0
364,34161996,1
365,30462170,0
366,27181846,0
367,47361656,1
368,39882450,0
369,32042062,0
370,44522550,0
371,27461892,0
372,48664836,0
373,47602574,0
374,29582266,0
375,52624364,0
376,29462254,0
377,32142066,0
378,47443998,0
379,52263450,0
380,53744506,0
381,32342056,0
382,43742350,0
383,32202034,0
384,45662242,0
385,27481894,0
386,54401670,1
387,29422254,0
388,40262632,0
389,34702666,0
390,48282902,0
391,33762252,0
392,31602148,0
393,45762134,0
394,48002880,0
395,48482928,0
396,41902558,1
397,46861592,0
398,41342812,0
399,46383708,0
400,54581630,0
401,30662118,0
402,32682126,0
403,37362918,0
404,34862944,0
405,38343016,0
406,54361648,0
407,28522106,1
408,35062950,0
409,38922830,0
410,47282676,0
411,47164540,0
412,30922224,1
413,41722878,0
414,35582196,0
415,34242272,1
416,41622476,0
417,40322908,0
418,39023026,0
419,27742232,0
420,50424512,0
421,45124486,0
422,49624302,0
423,45342706,0
424,45644484,0
425,39962440,0
426,34202866,0
427,40783066,0
428,40602702,0
429,50504430,0
430,46642928,0
431,34662184,1
432,52004440,0
433,28721676,0
434,38722726,0
435,46762986,0
436,27101814,0
437,47344522,0
438,30402208,0
439,33622266,0
440,34562164,0
441,33502280,1
442,51363400,1
443,52584544,0
444,52364404,0
445,48941830,1
446,37882584,0
447,34442320,0
448,50004308,0
449,34723194,0
450,50324550,0
451,35423508,0
452,43562476,0
453,50324560,0
454,40903100,0
455,45403766,0
456,51944466,0
457,29181908,0
458,50263082,0
459,32061692,0
460,46923874,0
461,38982814,1
462,40642274,0
463,41303178,0
464,54662028,1
465,40782882,0
466,45844474,0
467,32902134,0
468,30182092,0
469,52544508,0
470,32142004,0
471,48442898,1
472,51782890,0
473,41883154,0
474,46364574,0
475,30682088,0
476,45384472,0
477,46602982,0
478,50284502,0
479,33982230,0
480,37382484,0
481,33542042,0
482,37222482,0
483,44522402,0
484,49224492,0
485,45163932,0
486,35462962,0
487,52283958,0
488,54301746,0
489,42543140,0
490,28222378,0
491,35562670,0
492,45424490,0
493,35482708,0
494,35442636,0
495,49423488,0
496,29482396,0
497,42843218,0
498,42483154,0
499,39422470,0
500,32901910,0
501,37642978,0
502,33462052,0
503,42603190,0
504,49142992,0
505,42183148,0
506,45324498,0
507,35782450,0
508,46804612,0
509,27361846,0
510,30622096,0
511,32461916,0
512,47902078,0
513,32621922,0
514,51222918,0
515,33062044,1
516,41763142,0
517,49364510,0
518,48142998,0
519,40962778,0
520,32401886,0
521,49384832,0
522,48422818,0
523,28282190,1
524,30982262,0
525,31682218,0
526,54361858,0
527,47083048,0
528,27982170,0
529,37282438,0
530,32702146,0
531,30502272,0
532,46324670,0
533,50241952,0
534,28801616,0
535,35922588,0
536,45763046,0
537,50644764,0
538,48903376,0
539,30802294,0
540,44402394,0
541,46723704,0
542,35342564,0
543,30621992,0
544,32361928,0
545,28302282,1
546,32281852,0
547,33342038,0
548,28602222,0
549,40022438,1
550,38942726,0
551,46422690,0
552,33622846,0
553,48724914,0
554,48924934,0
555,47103916,0
556,50584702,0
557,47942784,0
558,45242946,0
559,35062104,0
560,31141720,0
561,31361940,0
562,40262620,1
563,37562340,0
564,45683670,0
565,30561996,0
566,46163088,1
567,35162564,0
568,31142246,0
569,31081962,0
570,48504726,0
571,32541744,0
572,35742886,0
573,49164932,0
574,35042146,0
575,47623498,0
576,27881848,0
577,51242902,0
578,32281848,1
579,50822928,0
580,44784322,0
581,51784906,0
582,28921890,0
583,32961790,0
584,50783212,0
585,32902338,0
586,50943268,0
587,33322870,0
588,48623122,0
589,47582914,0
590,29281750,0
591,47821962,0
592,32321928,0
593,54101838,1
594,50284620,0
595,26942016,0
596,31601976,0
597,46463396,0
598,37962780,0
599,42722438,0
600,34082784,0
601,34902982,0
602,46623028,0
603,33762832,0
604,47942370,0
605,49343216,0
606,29542352,1
607,39082862,0
608,40382640,0
609,30721756,0
610,46282880,1
611,31141750,0
612,31761666,0
613,51464814,0
614,37923106,0
615,48903214,0
616,39122716,1
617,49443178,0
618,48883246,0
619,37202358,0
620,53381850,0
621,28642186,0
622,46843766,0
623,32201782,1
624,28542018,1
625,32882938,0
626,31441666,1
627,37802362,1
628,50063158,0
629,47362636,0
630,46302578,0
631,46264036,0
632,44383872,0
633,46383790,0
634,47302554,0
635,56882134,0
636,35142218,0
637,39783064,0
638,39162670,1
639,41062772,0
640,31261890,0
641,36662908,0
642,37162926,0
643,54422324,0
644,30342270,0
645,48223270,0
646,30902056,1
647,33342884,0
648,37342800,1
649,35922210,0
650,47502586,0
651,44564034,0
652,55722274,0
653,53561644,0
654,46302452,0
655,39383058,0
656,28402378,0
657,36862270,0
658,46183812,0
659,48142494,0
660,33903630,0
661,48524982,0
662,37682906,0
663,48004986,0
664,30122298,0
665,37082380,0
666,38462664,0
667,43062380,0
668,37022386,0
669,40482646,0
670,28282042,0
671,32522074,1
672,32782906,0
673,29002406,0
674,36562934,0
675,48084764,0
676,56702146,1
677,48422540,0
678,31361850,0
679,54581828,0
680,51124738,0
681,34982150,0
682,39082708,1
683,30881760,0
684,46683878,0
685,51664756,0
686,51464746,0
687,31722110,1
688,53782364,0
689,36062644,0
690,55282384,1
691,54022304,0
692,31701854,0
693,49523284,0
694,54902398,0
695,53323834,1
696,49483302,0
697,31681918,0
698,34282836,0
699,57022486,0
700,49144846,0
701,53902268,0
702,36382808,0
703,35843492,0
704,50424986,0
705,31222070,1
706,31202150,0
707,56382434,0
708,48584940,0
709,36142792,0
710,50664618,0
711,50844708,0
712,37903026,0
713,28102114,0
714,35182124,0
715,48544698,0
716,34262824,0
717,36303484,0
718,49523276,0
719,56102380,0
720,51183646,0
721,50904750,0
722,54202132,1
723,48004842,0
724,57422426,0
725,53542386,0
726,46263934,0
727,46284248,0
728,44083936,0
729,46503360,0
730,54902386,0
731,48204714,0
732,55622354,0
733,50265008,0
734,34762834,0
735,46323328,0
736,51103642,0
737,52601984,0
738,55402180,0
739,51823018,0
740,35402092,1
741,53702216,0
742,56162386,0
743,35882060,0
744,53303934,0
745,53403912,0
746,45183658,0
747,45904216,0
748,46663262,0
749,54122350,0
750,54462696,0
751,53842676,1
752,54102674,0
753,52882778,0
754,52242596,0
755,54902758,0
756,45024040,0
757,46444288,0
758,55462186,0
759,54382676,1
760,46604310,0
761,51663648,0
762,53122622,0
763,36282804,0
764,46524060,0
765,52362556,0
766,54642202,0
767,54082440,0
768,52502542,0
769,53462624,0
770,47584660,0
771,50604656,0
772,45323868,0
773,47144152,0
774,48204840,0
775,53982496,0
776,45143854,0
777,52383854,0
778,46064206,0
779,51583590,0
780,46903344,1
781,34882068,1
782,54922222,0
783,56202746,0
784,52782560,0
785,37103014,0
786,55202844,0
787,55162612,0
788,54382628,1
789,51903592,0
790,56562836,0
791,57622520,0
792,51743714,0
793,47404678,0
794,47544580,0
795,52342544,0
796,54762692,0
797,54482686,1
798,52042676,1
799,54262530,0
800,55142474,0
801,57942502,0
802,54982632,1
803,55742656,0
804,57962548,0
805,55962538,0
806,36722782,1
807,45564332,0
808,37622758,0
809,54662566,0
810,56842684,0
811,57482568,0
812,33343208,0
813,55622854,1
814,45284100,0
815,57062620,0
816,54902668,0
817,55942572,0
818,38362906,0
819,55382538,0
820,55162738,0
821,56922692,0
822,54702820,0
823,55942860,0
824,57762538,0
825,55722894,0
826,55882872,0
827,45884278,0
828,55382862,0
829,56822578,0
830,55602682,0
831,31783686,1
832,46784220,0
833,37962654,0
834,63681618,0
835,64601638,0
836,37242640,0
837,45184078,0
838,37362642,0
839,64141632,0
840,47864818,0
841,48804824,0
842,51903342,0
843,54961762,0
844,46064580,0
845,46664162,0
846,64841666,0
847,37242618,0
848,45964616,0
849,45643866,0
850,45884526,0
851,55022506,0
852,51863338,0
853,44844134,0
854,46924698,0
855,64081650,0
856,52561940,1
857,48363340,0
858,34503420,0
859,42763084,1
860,44444080,0
861,54401804,0
862,45464154,0
863,42683096,0
864,44884094,0
865,45203698,0
866,54841800,0
867,42943084,0
868,57122348,1
869,53242382,0
870,64061610,0
871,50963150,0
872,56742296,0
873,45743608,0
874,55482542,0
875,56682316,0
876,57122330,0
877,55362256,1
878,45743828,0
879,51363072,0
880,49203450,0
881,51483142,0
882,36962806,0
883,47462830,0
884,49063030,0